4.764547693104911 -0.709562726787926
1.5057220053110445 0.8202484782467228
2.3798149441013083 0.6579693965772687
3.9365640236553787 0.5283238311838201
4.840009191679847 -0.4083725611292937
-0.8976736312259374 -1.4644768823006677
1.2359850323477457 -1.321602294252233
0.5076626253594066 0.8161620317689408
5.30278482671701 -1.2202210063560306
-0.3094463165636751 -1.6244929368478278
4.057565298073816 -0.4322010208067125
0.9653204630399413 -1.4190945183425792
1.162071129526116 1.1465228199080781
0.6930989788771926 -1.1331095791139962
0.7466005577339058 -0.9188110168240573
-2.5534570833653527 -0.8471860288297283
-0.9934471384071262 -1.4128112251107807
-1.376490553413641 -1.2189559816240407
3.948925449570972 0.712676525985919
4.7762561748928505 -0.471238922005562
-1.3020610515209698 -1.6261925805062687
-2.313105833285337 -1.1068824468124143
2.138703214853845 0.6064504902704123
0.3075045644153703 0.7457469396738168
2.2624490926079237 0.6352930950932846
3.7802524065424477 1.2643390216419652
2.8712091151002004 -1.1033843593707389
3.0886410614909234 -1.1693030225375867
5.978525038252904 -0.9165260672492559
1.5314333584024191 1.2473482650493388
4.0857452153961855 -0.4618376081528949
-0.7193041360302792 -0.8159865381479864
0.8406807427740601 -0.8644340544480432
0.814942004252789 0.4943736298229244
0.9828250573077302 -1.282623749111101
-0.4237921395519282 -1.1684665414000834
-1.877526540860342 -1.207180428617414
2.585829309681619 -0.4270929478066738
0.5982075210917343 0.4406263363323089
-1.6980818958837105 -0.8143644049162443
5.205046345927345 -0.7525306682444581
2.810339439141059 0.6463884529192045
3.276150891961171 -0.4694512829594954
3.0682163413557757 0.6198161244623615
0.770576918375449 -1.7193099068434763
1.3827303514513767 -1.3747731438322408
3.7149327119031033 -0.6753411652960026
0.1515197101327865 1.196839886305917
1.4042222054668134 1.1483771436658738
3.813526169331623 -1.2077777334616775
4.893930620782836 -0.7176132529415943
0.4842859076159989 0.3357459910323254
-0.5504562861392945 -1.6815367548634355
5.71282453474875 -0.7325453602112514
0.209986868517854 -1.2527536267650563
3.556510573222318 0.314408629453419
4.610393613446109 -0.9144923129842869
-1.4943882619356923 -1.1239307715128093
2.1649188577163785 0.9115509768299587
5.141253513492162 -0.6255253060295843
1.0147942225611315 0.6817322303738207
-1.4343909012576155 -1.1253029178614364
2.6930713333052743 -0.6450763193860959
5.563713754651868 -0.4580588564678605
4.667667639006035 -0.3959794518943516
3.5749619833814377 1.0670185545583832
5.1462575931269186 -0.8117595335645296
0.3156585718755182 -1.6466780754812471
5.679772627842905 -0.7600368889646594
1.0331824985446656 0.3749270082530922
-0.7491725020097987 -1.5989205000084266
2.9726092576747307 0.969297448476897
3.392760130946333 1.1208756961285147
1.7500244328496433 1.0676247548763198
0.2533612482657864 -1.3853420422225664
1.1508388148633022 1.1671539326724085
-1.2024389664620427 -0.9647992632347094
2.565488227302976 0.4803663549312705
5.36208915769202 -1.0336212354882495
4.341633832518897 -0.9389660262053008
3.548752885489647 0.7908366077630198
3.5652569733955346 -0.9238981581980092
2.883169434612823 -1.1311065099378397
-2.165914956376481 -1.1052787097503598
4.010514328836111 1.2908257834396504
-2.4908162082522347 -1.164336370434841
0.9973263504034926 0.8164547809963687
4.596277334745676 -0.4610522798307944
-1.969922110389303 -0.821872873052188
0.7306182205120353 0.6428432603202616
2.3032619954779547 0.5240621938093708
0.701020151897669 -1.5210321784295973
3.54831880920818 0.7808523153526103
-0.613788819767129 -0.8501569932596065
1.126321667589813 0.4931200825216636
3.8350108838487045 -0.4665209801559696
-2.0867304028835516 -1.7973899799311548
2.163595646696553 -0.3403858669729316
5.278639773763624 -0.7992253863008372
-2.5530176606509816 -1.6569945494737488
5.7007903697460875 -0.692185764716369
3.8164143535972705 -0.5164362033487851
5.197333282554347 -1.0539500568858273
2.638374877738866 0.4669246024036148
2.8782886529354372 -0.4503892743914186
3.242989341388472 0.7321803045815448
0.6548271595966736 0.4015309607507153
2.404790575650418 0.686193977021066
3.7089653628412433 1.0215397393110441
2.4530674809576563 1.1804988994115542
0.8151918031083041 -1.26756963936153
-1.6941550654108488 -1.430457291682154
2.7654975102404045 -1.1113970445466472
2.1911832598436227 -0.4559088828218688
-0.57501526939959 -1.2314429071773911
2.266448132913428 -0.3356906391049749
3.2814500660896138 0.7967146774207268
4.053330325269912 -0.53607828979012
4.105804279669195 -1.2443171522142191
1.1430817561303732 0.7771015595441061
5.257436419135385 -0.4976481412476042
0.8740920785749534 1.0851974087695786
4.16245354059128 -1.1117268371618836
5.53453865452554 -1.0808660069006018
3.9472249889479882 0.7655339425447951
3.5752576793463056 0.310302301136766
1.573554800198949 0.6427873820780962
3.826591762190934 1.1473464867972931
3.440914298404559 0.7140097870927196
0.6850673092771139 1.170741281804062
2.5974413439302917 -0.9410608603180318
-0.3274643661074665 -1.6978141376853422
2.6790039640054397 -0.3697868886233078
4.763782216629401 -0.6219789971852204
1.3442512405222617 1.1434964636204634
5.460497229244641 -0.5990866531245779
2.9262521561501376 -1.0105646680787963
-0.4660791694207809 -1.6758686127728724
0.6079408593389413 0.7330811538751115
8.15316753927e-05 -1.7168583363983765
5.811694166221373 -1.1806045232936997
5.273602918948197 -0.9365002721386587
-0.9089044741292474 -0.8922691067492632
3.828318814843698 0.9570308667753143
0.8983797090231317 -0.9018349602327987
3.1800746225230943 0.8595537101651538
3.707568309791761 0.4545037649113018
1.7721312928453292 1.0113267944897717
3.5076390288437147 1.0167884765553146
5.416045570533698 -0.8518085522980678
2.244909963919248 1.1026532878932311
3.419231442044805 0.3873863976279273
0.2115554199027383 0.8822519517378041
3.697573081131867 -1.1208339528177929
4.014750535360013 0.9375618999905106
2.44054877875086 -0.5957074480993538
-1.633603447080036 -1.4068423913761547
3.4860255888920797 -1.2712214795147694
0.4439896224037656 -1.176509156532047
-1.1017998400131952 -0.977020662163913
3.040310648809485 0.6233920453903193
2.9605692657961638 -0.4095044438932258
